[
	{
		"RewardID":0,
		"GoodsID":[1201,1202,1203,1204,1205,1206,1207,1208,1209,1210,1211,1212,1213,1214,1215,1216],
		"Weight":[8,6,8,1,7,1,7,7,7,7,7,7,6,7,7,7]
	},
	{
		"RewardID":1,
		"GoodsID":[1201,1202,1203,1204,1205,1206,1207,1208,1209,1210,1211,1212,1213,1214,1215,1216],
		"Weight":[6,6,6,6,6,6,6,6,6,6,6,6,7,7,7,7]
	},
	{
		"RewardID":2,
		"GoodsID":[1217,1218,1219,1220,1221,1222,1223,1224,1225,1226,1227,1228,1229,1230,1231,1232,1233],
		"Weight":[10,10,10,9,5,9,9,9,9,5,9,1,1,1,1,1,1]
	},
	{
		"RewardID":3,
		"GoodsID":[1217,1218,1219,1220,1221,1222,1223,1224,1225,1226,1227,1228,1229,1230,1231,1232,1233],
		"Weight":[7,7,7,7,7,7,7,7,7,6,7,4,4,4,4,4,4]
	},
	{
		"RewardID":4,
		"GoodsID":[1234,1235,1236,1237,1238,1239,1240,1241,1242,1243,1244,1245,1246,1247,1248,1249],
		"Weight":[10,10,10,1,1,1,5,5,1,10,1,9,9,9,9,9]
	},
	{
		"RewardID":5,
		"GoodsID":[1234,1235,1236,1237,1238,1239,1240,1241,1242,1243,1244,1245,1246,1247,1248,1249],
		"Weight":[7,7,7,3,4,4,7,7,4,7,4,7,8,8,8,8]
	},
	{
		"RewardID":6,
		"GoodsID":[1001,1002,1003,1004,1005,1006,1007,1008,1009,1010,1011,1012,1013,1014],
		"Weight":[10,10,5,1,9,9,9,9,9,9,9,9,1,1]
	},
	{
		"RewardID":7,
		"GoodsID":[1001,1002,1003,1004,1005,1006,1007,1008,1009,1010,1011,1012,1013,1014,1201,1202,1205,1217,1218],
		"Weight":[10,10,5,1,9,9,8,8,8,8,8,8,1,1,1,1,1,1,1,1]
	},
	{
		"RewardID":8,
		"GoodsID":[1001,1002,1003,1004,1005,1006,1007,1008,1009,1010,1011,1012,1013,1014,1203,1206,1207,1219,1220],
		"Weight":[10,10,5,1,9,9,8,8,8,8,8,8,1,1,1,1,1,1,1,1]
	},
	{
		"RewardID":9,
		"GoodsID":[1001,1002,1003,1004,1005,1006,1007,1008,1009,1010,1011,1012,1013,1014,1208,1209,1210,1221,1222],
		"Weight":[10,10,5,1,9,9,8,8,8,8,8,8,1,1,1,1,1,1,1,1]
	},
	{
		"RewardID":10,
		"GoodsID":[1001,1002,1003,1004,1005,1006,1007,1008,1009,1010,1011,1012,1013,1014,1211,1212,1213,1223,1224],
		"Weight":[10,10,5,1,9,9,8,8,8,8,8,8,1,1,1,1,1,1,1,1]
	},
	{
		"RewardID":11,
		"GoodsID":[1001,1002,1003,1004,1005,1006,1007,1008,1009,1010,1011,1012,1013,1014,1214,1215,1216,1225,1226],
		"Weight":[10,10,5,1,9,9,8,8,8,8,8,8,1,1,1,1,1,1,1,1]
	},
	{
		"RewardID":12,
		"GoodsID":[1001,1002,1003,1004,1005,1006,1007,1008,1009,1010,1011,1012,1013,1014,1227,1228,1229,1230,1231,1232],
		"Weight":[10,10,5,1,9,8,8,8,8,8,8,8,1,1,1,1,1,1,1,1,1]
	},
	{
		"RewardID":13,
		"GoodsID":[1001,1002,1003,1004,1009,1010,1011,1012,1013,1014,1015,1016,1017,1018,1019],
		"Weight":[7,8,8,8,8,8,8,8,8,2,2,1,8,8,8]
	},
	{
		"RewardID":14,
		"GoodsID":[1001,1002,1003,1004,1009,1010,1011,1012,1013,1014,1015,1016,1017,1018,1019,1201,1202,1205,1233,1234],
		"Weight":[7,7,7,7,7,7,8,8,8,2,2,1,8,8,8,1,1,1,1,1]
	},
	{
		"RewardID":15,
		"GoodsID":[1001,1002,1003,1004,1009,1010,1011,1012,1013,1014,1015,1016,1017,1018,1019,1203,1206,1207,1235,1236],
		"Weight":[7,7,7,7,7,7,8,8,8,2,2,1,8,8,8,1,1,1,1,1]
	},
	{
		"RewardID":16,
		"GoodsID":[1001,1002,1003,1004,1009,1010,1011,1012,1013,1014,1015,1016,1017,1018,1019,1208,1209,1210,1237,1238],
		"Weight":[7,7,7,7,7,7,8,8,8,2,2,1,8,8,8,1,1,1,1,1]
	},
	{
		"RewardID":17,
		"GoodsID":[1001,1002,1003,1004,1009,1010,1011,1012,1013,1014,1015,1016,1017,1018,1019,1211,1212,1213,1239,1240],
		"Weight":[7,7,7,7,7,7,8,8,8,2,2,1,8,8,8,1,1,1,1,1]
	},
	{
		"RewardID":18,
		"GoodsID":[1001,1002,1003,1004,1009,1010,1011,1012,1013,1014,1015,1016,1017,1018,1019,1214,1215,1216,1241,1242],
		"Weight":[7,7,7,7,7,7,8,8,8,2,2,1,8,8,8,1,1,1,1,1]
	},
	{
		"RewardID":19,
		"GoodsID":[1001,1002,1003,1004,1009,1010,1011,1012,1013,1014,1015,1016,1017,1018,1019,1243,1244,1245,1246,1247,1248,1249],
		"Weight":[7,7,7,7,7,7,7,7,8,2,2,1,8,8,8,1,1,1,1,1,1,1]
	},
	{
		"RewardID":20,
		"GoodsID":[1001,1002,1003,1004,1009,1010,1011,1012,1013,1014,1015,1016,1017,1018,1019],
		"Weight":[8,7,7,7,7,7,7,7,7,7,7,1,7,7,7]
	},
	{
		"RewardID":21,
		"GoodsID":[1009,1010,1011,1012,1013,1014,1015,1016,1017,1018,1019,1020],
		"Weight":[9,9,9,9,9,9,9,5,9,9,9,5]
	},
	{
		"RewardID":22,
		"GoodsID":[1001,1002,1003,1004,1009,1010,1011,1012,1013,1014,1015,1016,1017,1018,1019,1201,1202,1205,1233,1234],
		"Weight":[5,5,5,5,5,5,5,5,5,5,5,5,5,5,5,5,5,5,5,5]
	},
	{
		"RewardID":23,
		"GoodsID":[1001,1002,1003,1004,1009,1010,1011,1012,1013,1014,1015,1016,1017,1018,1019,1203,1206,1207,1235,1236],
		"Weight":[5,5,5,5,5,5,5,5,5,5,5,5,5,5,5,5,5,5,5,5]
	},
	{
		"RewardID":24,
		"GoodsID":[1001,1002,1003,1004,1009,1010,1011,1012,1013,1014,1015,1016,1017,1018,1019,1208,1209,1210,1237,1238],
		"Weight":[5,5,5,5,5,5,5,5,5,5,5,5,5,5,5,5,5,5,5,5]
	},
	{
		"RewardID":25,
		"GoodsID":[1001,1002,1003,1004,1009,1010,1011,1012,1013,1014,1015,1016,1017,1018,1019,1211,1212,1213,1239,1240],
		"Weight":[5,5,5,5,5,5,5,5,5,5,5,5,5,5,5,5,5,5,5,5]
	},
	{
		"RewardID":26,
		"GoodsID":[1001,1002,1003,1004,1009,1010,1011,1012,1013,1014,1015,1016,1017,1018,1019,1214,1215,1216,1241,1242],
		"Weight":[5,5,5,5,5,5,5,5,5,5,5,5,5,5,5,5,5,5,5,5]
	},
	{
		"RewardID":27,
		"GoodsID":[1001,1002,1003,1004,1009,1010,1011,1012,1013,1014,1015,1016,1017,1018,1019,1243,1244,1245,1246,1247,1248,1249],
		"Weight":[4,4,5,5,5,5,5,5,5,5,5,5,5,5,5,5,5,5,5,5]
	},
	{
		"RewardID":28,
		"GoodsID":[1801,1802,1803,1804],
		"Weight":[40,30,20,10]
	},
	{
		"RewardID":29,
		"GoodsID":[1801,1802,1803,1804],
		"Weight":[20,20,30,30]
	}
]